
[-9.126696728515624, -1.4149731811523436, -0.9002198242187499, -9.141061938476563, -1.4173673828125, -0.7685387329101562, -9.114725720214842, -1.3623007446289062, -0.842758984375, -9.181763366699219, -1.39821376953125, -0.7709329345703124, -9.162609753417968, -1.3215993164062498, -1.0606313354492187, -9.124302526855468, -1.3575123413085937, -0.8499415893554687, -9.129090930175781, -1.3479355346679687, -0.8571241943359375, -9.102754711914063, -1.369483349609375, -0.8451531860351562, -9.129090930175781, -1.388636962890625, -0.7757213378906249, -9.1554271484375, -1.3862427612304686, -0.8906430175781249, -9.176974963378905, -1.2473790649414063, -0.9193734375, -9.160215551757812, -1.5322890624999999, -0.7781155395507812, -9.133879333496093, -1.5155296508789062, -0.8379705810546875, -9.126696728515624, -1.3838485595703125, -0.852335791015625, '[False]']


[-9.10993731689453, -1.3862427612304686, -0.9193734375, -9.138667736816405, -1.24498486328125, -0.8930372192382812, -9.13627353515625, -1.6472107421875, -0.852335791015625, -9.143456140136719, -1.350329736328125, -0.6488286499023437, -9.076418493652342, -1.429338391113281, -0.8044517578125, -9.066841687011719, -1.22583125, -0.7876923461914062, -9.150638745117186, -1.5107412475585937, -0.8283937744140625, -9.181763366699219, -1.2761094848632812, -0.7805097412109374, -9.1554271484375, -1.455674609375, -0.9074024291992187, -9.160215551757812, -1.3527239379882812, -0.7254431030273437, -9.306261853027344, -1.2330138549804688, -0.8547299926757812, -9.217676391601563, -1.438915197753906, -0.8882488159179687, -9.282319836425781, -1.3431471313476562, -0.8164227661132812, -9.143456140136719, -1.5083470458984374, -0.7972691528320313, '[False]']



[-8.93755479736328, -1.9919757812499999, -1.16837041015625, -9.062053283691405, -1.898601916503906, -1.1851298217773436, -9.076418493652342, -1.889025109863281, -1.2042834350585936, -9.114725720214842, -1.8555062866210936, -1.2473790649414063, -9.062053283691405, -1.867477294921875, -1.0749965454101562, -9.10993731689453, -1.8626888916015625, -1.1755530151367186, -9.083601098632812, -1.9680337646484374, -1.1540052001953125, -9.193734375, -1.8291700683593748, -1.1755530151367186, -9.07163009033203, -1.848323681640625, -1.1947066284179686, -9.066841687011719, -1.8746598999023436, -1.35990654296875, -9.042899670410156, -1.8411410766601561, -1.1827356201171875, -9.05965908203125, -1.8531120849609375, -1.2330138549804688, -9.090783703613281, -1.8411410766601561, -1.1947066284179686, -9.184157568359375, -1.905784521484375, -1.1851298217773436, '[False]']

[-9.112331518554686, -1.8746598999023436, -1.2234370483398436, -9.069235888671875, -1.8650830932617186, -1.2689268798828124, -9.07163009033203, -1.8650830932617186, -1.2737152832031249, -9.112331518554686, -1.9752163696289062, -1.2737152832031249, -8.930372192382812, -1.9033903198242186, -1.139639990234375, -9.023746057128905, -1.8698714965820311, -1.1468225952148436, -9.047688073730468, -1.9201497314453124, -1.1061211669921875, -9.081206896972656, -1.9105729248046874, -1.2210428466796874, -9.083601098632812, -1.85790048828125, -1.3551181396484375, -9.069235888671875, -1.8722656982421875, -1.1923124267578125, -9.018957653808593, -1.8291700683593748, -1.2042834350585936, -9.054870678710937, -1.8148048583984373, -1.1276689819335937, -9.062053283691405, -1.7884686401367187, -1.216254443359375, -9.1554271484375, -1.8818425048828125, -1.1827356201171875, '[False]']







[-9.066841687011719, -1.8052280517578123, -1.158793603515625, -8.901641772460938, -1.8626888916015625, -1.3335703247070312, -9.0788126953125, -1.89620771484375, -1.0869675537109373, -9.088389501953124, -1.8770541015625, -1.1372457885742187, -9.105148913574219, -1.8219874633789062, -1.1923124267578125, -9.052476477050782, -1.848323681640625, -1.1827356201171875, -8.932766394042968, -1.85790048828125, -1.2042834350585936, -9.042899670410156, -1.8363526733398436, -1.177947216796875, -9.090783703613281, -1.9009961181640624, -1.1228805786132812, -9.114725720214842, -1.8363526733398436, -1.1516109985351561, -9.064447485351561, -1.8698714965820311, -1.1516109985351561, -9.093177905273437, -1.867477294921875, -1.177947216796875, -9.062053283691405, -1.8722656982421875, -1.2042834350585936, -9.145850341796875, -1.879448303222656, -1.3431471313476562, '[False]']




[-8.90643017578125, -1.9823989746093749, -1.189918225097656, -9.10993731689453, -1.9632453613281249, -1.20667763671875, -9.042899670410156, -1.905784521484375, -1.3287819213867187, -8.932766394042968, -1.8818425048828125, -1.1444283935546875, -8.939948999023438, -1.9033903198242186, -1.1372457885742187, -9.05965908203125, -1.838746875, -1.2856862915039062, -8.920795385742187, -1.8698714965820311, -1.1037269653320312, -8.901641772460938, -1.879448303222656, -1.209071838378906, -9.090783703613281, -1.898601916503906, -1.1755530151367186, -9.064447485351561, -1.886630908203125, -1.1468225952148436, -9.114725720214842, -1.8842367065429686, -1.22583125, -9.093177905273437, -1.905784521484375, -1.1252747802734375, -9.069235888671875, -1.7022773803710936, -1.1875240234375, -9.062053283691405, -1.8531120849609375, -1.2282254516601563, '[False]']


[-9.102754711914063, -1.7980454467773437, -1.1755530151367186, -9.09796630859375, -1.8626888916015625, -1.3407529296874998, -9.17458076171875, -1.8435352783203125, -1.180341418457031, -9.181763366699219, -1.9728221679687499, -1.1563994018554686, -9.088389501953124, -1.8770541015625, -1.197100830078125, -9.193734375, -1.697488977050781, -1.1755530151367186, -9.083601098632812, -1.8818425048828125, -1.1947066284179686, -9.105148913574219, -1.8938135131835936, -1.1947066284179686, -9.066841687011719, -1.8435352783203125, -1.2401964599609374, -9.052476477050782, -1.8315642700195311, -1.1516109985351561, -9.124302526855468, -1.8842367065429686, -1.149216796875, -9.042899670410156, -1.8938135131835936, -1.1061211669921875, -9.066841687011719, -1.8100164550781248, -1.177947216796875, -9.10993731689453, -1.6927005737304686, -1.1133037719726562, '[False]']


[-9.18655177001953, -1.879448303222656, -1.2641384765625, -9.076418493652342, -1.8626888916015625, -1.16837041015625, -9.066841687011719, -1.8411410766601561, -1.1348515869140625, -9.09796630859375, -1.917755529785156, -1.2018892333984375, -9.09796630859375, -1.8291700683593748, -1.2210428466796874, -9.129090930175781, -1.8914193115234375, -1.1468225952148436, -9.047688073730468, -1.85790048828125, -1.1540052001953125, -8.889670764160156, -1.915361328125, -1.2904746948242187, -9.07163009033203, -1.8507178833007811, -1.2306196533203124, -9.112331518554686, -1.8004396484374998, -1.1635820068359375, -9.064447485351561, -1.905784521484375, -1.22583125, -9.112331518554686, -2.001552587890625, -0.9720458740234375, -9.03332286376953, -1.8363526733398436, -1.1563994018554686, -9.05965908203125, -1.9680337646484374, -1.1133037719726562, '[False]']



[-9.042899670410156, -1.9680337646484374, -1.16837041015625, -8.947131604003905, -1.9009961181640624, -1.2425906616210938, -9.153032946777342, -1.89620771484375, -1.0989385620117187, -9.088389501953124, -1.8818425048828125, -1.2425906616210938, -9.028534460449219, -1.8698714965820311, -1.2497732666015624, -9.157821350097656, -1.8818425048828125, -1.2425906616210938, -9.045293872070312, -1.8650830932617186, -1.2856862915039062, -9.062053283691405, -1.917755529785156, -1.2928688964843749, -9.07163009033203, -1.8459294799804686, -1.3527239379882812, -9.150638745117186, -1.8914193115234375, -1.2593500732421874, -9.011775048828124, -1.9536685546875, -1.2425906616210938, -8.908824377441405, -1.8698714965820311, -1.0773907470703123, -9.064447485351561, -1.7357962036132812, -1.2114660400390624, -9.117119921875, -1.898601916503906, -1.37906015625, '[False]']

[-9.050082275390624, -1.9105729248046874, -1.1061211669921875, -9.081206896972656, -1.848323681640625, -1.189918225097656, -9.184157568359375, -1.889025109863281, -1.0845733520507812, -9.090783703613281, -1.8435352783203125, -1.13006318359375, -9.07163009033203, -1.8914193115234375, -1.2306196533203124, -9.047688073730468, -1.8938135131835936, -1.3575123413085937, -9.179369165039063, -1.944091748046875, -1.1659762084960936, -8.997409838867187, -1.7310078002929687, -1.2210428466796874, -9.188945971679686, -1.8722656982421875, -1.2138602416992186, -9.05965908203125, -1.917755529785156, -1.0773907470703123, -9.088389501953124, -1.886630908203125, -1.2593500732421874, -9.02135185546875, -1.8650830932617186, -1.1875240234375, -9.150638745117186, -1.848323681640625, -1.3742717529296875, -8.908824377441405, -1.8914193115234375, -1.189918225097656, '[False]']


[-9.234435803222656, -1.8698714965820311, -1.0941501586914062, -9.083601098632812, -1.9704279663085937, -1.2210428466796874, -9.090783703613281, -1.9105729248046874, -1.3527239379882812, -9.114725720214842, -1.8243816650390623, -1.13006318359375, -9.064447485351561, -1.867477294921875, -1.3383587280273437, -8.94473740234375, -1.879448303222656, -1.3168109130859373, -9.088389501953124, -1.879448303222656, -1.235408056640625, -9.176974963378905, -1.8722656982421875, -1.3383587280273437, -9.0788126953125, -1.7405846069335937, -1.3048399047851562, -9.105148913574219, -1.879448303222656, -1.2234370483398436, -9.117119921875, -1.867477294921875, -1.254561669921875, -8.892064965820312, -1.927332336425781, -1.3718775512695311, -8.90643017578125, -1.85790048828125, -1.2042834350585936, -9.131485131835937, -1.8626888916015625, -1.2593500732421874, '[False]']


[-9.131485131835937, -1.8722656982421875, -1.189918225097656, -9.052476477050782, -1.85790048828125, -1.1516109985351561, -9.117119921875, -1.9895815795898437, -1.2689268798828124, -9.184157568359375, -1.8914193115234375, -1.2378022583007813, -8.951920007324219, -1.9704279663085937, -1.3718775512695311, -9.009380847167968, -1.6998831787109374, -1.216254443359375, -9.07163009033203, -1.9225439331054686, -1.1923124267578125, -9.030928662109375, -1.85790048828125, -1.0845733520507812, -9.13627353515625, -1.8459294799804686, -1.3623007446289062, -9.066841687011719, -1.8435352783203125, -1.3096283081054687, -9.081206896972656, -1.8698714965820311, -1.22583125, -9.047688073730468, -1.8914193115234375, -1.37906015625, -9.052476477050782, -1.9129671264648436, -1.0773907470703123, -9.07163009033203, -1.8650830932617186, -1.2904746948242187, '[False]']












































































[-9.217676391601563, -1.7693150268554687, -1.369483349609375, -9.05965908203125, -1.7525556152343749, -0.9552864624023437, -9.141061938476563, -1.886630908203125, -1.0726023437499999, -8.621520178222656, -1.5203180541992187, -0.6248866333007812, -10.596736547851561, -1.426944189453125, -1.0678139404296874, -19.6133, -4.07971962890625, -2.839523168945312, -11.305420239257812, -8.870517150878905, -1.1707646118164061, -1.8171990600585937, -1.9105729248046874, -3.1172505615234374, -1.9895815795898437, 2.0159177978515626, -1.1875240234375, -0.3591302490234375, 5.5545478515625, 1.5466542724609373, -2.379836450195312, 6.524199523925781, 1.0797849487304687, -6.440402465820312, 6.069301208496094, 0.1005564697265625, -6.639121203613281, 6.205770703124999, -0.9265560424804687, -5.884947680664062, 5.899312890625, -1.24498486328125, '[ True]']

































[-8.932766394042968, -2.3367408203125, -1.2617442749023438, -12.78743106689453, -1.0366893188476562, -3.2920272827148436, -9.466673364257812, -2.31758720703125, -1.5370774658203123, -10.749965454101561, -5.377376928710937, -0.4572925170898437, -13.72595811767578, -6.150704064941406, -0.8882488159179687, -10.445901843261717, -2.93050283203125, -0.5722141967773438, -11.54244620361328, -2.0661960327148434, -0.3184288208007812, -7.850587243652344, -0.21068974609375, -0.7709329345703124, -2.616862414550781, 4.809951135253906, -1.2641384765625, -0.7733271362304687, 7.249642626953125, -1.4628572143554686, 1.0749965454101562, 6.787561706542968, -0.6416460449218749, -3.0526071166992184, 5.027823486328125, -0.3136404174804687, -6.1076084350585935, 3.5625720703124997, -0.7972691528320313, -9.196128576660156, 1.8363526733398436, -0.6775590698242188, '[ True]']

[-8.55448253173828, -3.775656018066406, -1.1228805786132812, -8.537723120117187, -3.7325603881835936, -1.1013327636718748, -8.544905725097657, -3.7995980346679685, -1.16837041015625, -8.468291271972657, -3.794809631347656, -1.2138602416992186, -8.55448253173828, -3.7804444213867185, -1.1085153686523437, -8.468291271972657, -3.758896606445312, -1.024718310546875, -8.530540515136718, -3.8666356811523435, -1.149216796875, -8.544905725097657, -3.81156904296875, -1.1085153686523437, -8.492233288574218, -3.718195178222656, -1.0702081420898437, -8.497021691894531, -3.7612908081054686, -1.1468225952148436, -8.492233288574218, -3.835511059570312, -1.1180921752929687, -8.559270935058594, -3.785232824707031, -1.1611878051757811, -8.48505068359375, -3.7900212280273435, -0.9433154541015625, -8.564059338378906, -3.775656018066406, -0.9792284790039062, '[False]']

[-9.212887988281249, -2.0470424194335934, -1.2928688964843749, -11.243170996093749, -2.4109610717773435, -2.1021090576171875, -13.4458365234375, -3.835511059570312, -0.7972691528320313, -14.777012646484375, -4.912901806640625, -2.1883003173828124, -10.955866796875, -2.7964275390625, -3.1507693847656246, -4.402936853027343, 0.4285620971679687, -2.5163059448242184, 1.3072341064453123, 5.238513232421875, 0.18914193115234373, -0.5458779785156249, 7.433996154785156, 1.3144167114257812, -3.0023288818359375, 7.663839514160156, 0.20829554443359374, -3.277662072753906, 7.601590270996093, -0.8259995727539062, -3.076549133300781, 6.196193896484375, -1.3910311645507811, -2.375048046875, 4.158728283691406, -0.23223756103515625, -5.255272644042968, 1.3838485595703125, 0.49320554199218747, -10.71884083251953, -0.6296750366210937, -1.7693150268554687, '[ True]']




[-8.609549169921875, -3.5889082885742187, -1.216254443359375, -8.530540515136718, -3.6750995483398436, -1.1947066284179686, -8.688557824707031, -3.6200329101562496, -1.1444283935546875, -8.604760766601562, -3.6559459350585937, -1.1061211669921875, -8.626308581542968, -3.6391865234374996, -1.2521674682617188, -8.609549169921875, -3.6296097167968746, -1.2785036865234374, -8.588001354980468, -3.6559459350585937, -1.0941501586914062, -8.549694128417968, -3.6391865234374996, -1.197100830078125, -8.504204296874999, -3.622427111816406, -1.1755530151367186, -8.568847741699217, -3.641580725097656, -1.1923124267578125, -8.44674345703125, -3.6463691284179687, -1.189918225097656, -8.59278975830078, -3.6104561035156246, -1.0941501586914062, -8.552088330078124, -3.660734338378906, -1.1013327636718748, -8.717288244628906, -3.660734338378906, -1.3742717529296875, '[False]']



[-8.597578161621094, -3.660734338378906, -1.2401964599609374, -8.66940421142578, -3.6463691284179687, -0.9935936889648437, -8.312668164062499, -3.727771984863281, -0.814028564453125, -8.571241943359375, -3.699041564941406, -0.9792284790039062, -8.67658681640625, -3.766079211425781, -0.8116343627929687, -9.45470235595703, -4.376600634765625, -0.6296750366210937, -10.848127722167968, -4.177881896972656, -1.9919757812499999, -13.211204760742186, -5.293579870605469, -1.5825672973632812, -12.528857287597656, -5.1331683593749995, -2.2744915771484373, -8.616731774902343, -1.9895815795898437, -1.6400281372070311, -5.276820458984375, 1.0175357055664063, -1.0127473022460938, -2.6503812377929687, 4.498704919433593, 0.8451531860351562, -2.583343591308594, 6.1626750732421876, 1.5753846923828123, -2.858676782226562, 6.5768719604492185, 1.4245499877929686, '[False]']



[-8.98304462890625, -3.299209887695312, -0.40222587890625, -7.800309008789062, -3.3399113159179685, -0.47884033203125, -8.511386901855468, -3.303998291015625, -0.4429273071289062, -10.709264025878905, -3.7708676147460936, -0.34237083740234375, -12.102689392089843, -5.315127685546875, -0.7685387329101562, -13.371616271972655, -5.9974751586914055, -1.0199299072265624, -9.622296472167967, -3.4763808105468748, -1.5227122558593749, -6.830657336425781, -0.17956512451171874, -0.8164227661132812, -5.063736511230468, 2.7916391357421872, -0.17956512451171874, -3.746925598144531, 5.353434912109375, -0.040701428222656245, -3.775656018066406, 6.421248852539062, 0.5674257934570313, -5.315127685546875, 6.265625744628906, 0.21308394775390624, -5.779602807617187, 5.288791467285156, -0.0526724365234375, -6.121973645019531, 4.043806604003906, 0.6081272216796875, '[ True]']



[-8.856151940917968, -2.5474305664062498, -1.3838485595703125, -8.748412866210938, -2.4516625, -1.43652099609375, -8.755595471191405, -2.588131994628906, -1.458068811035156, -8.889670764160156, -2.5139117431640625, -1.2832920898437499, -11.099518896484375, -3.3351229125976563, -2.3965958618164063, -11.154585534667968, -7.271190441894531, -2.978386865234375, -10.831368310546875, -8.042123376464843, 5.200206005859375, -7.161057165527343, -3.0406361083984375, -0.8116343627929687, -5.779602807617187, 0.5913678100585937, -3.0502129150390624, -1.3168109130859373, 6.1650692749023435, -0.24660277099609373, -4.046200805664062, 6.404489440917969, 0.13407529296874998, -7.194575988769531, 6.009446166992187, -0.0526724365234375, -7.60398447265625, 5.214571215820312, -0.11013327636718749, -6.880935571289062, 5.516240625, -0.45010991210937495, '[ True]']



[-8.923189587402343, -1.4796166259765624, -3.086125939941406, -8.8489693359375, -1.419761584472656, -3.4165257690429685, -8.738836059570312, -1.350329736328125, -3.4332851806640625, -8.966285217285156, -1.2880804931640624, -3.641580725097656, -8.90643017578125, -1.3455413330078123, -3.6655227416992187, -9.014169250488282, -1.22583125, -3.27526787109375, -8.836998327636719, -1.197100830078125, -3.641580725097656, -8.793902697753905, -1.2880804931640624, -3.651157531738281, -8.853757739257812, -1.2665326782226562, -3.5242648437499997, -8.805873706054687, -1.4006079711914061, -3.394977954101562, -8.839392529296875, -1.2569558715820313, -3.574543078613281, -8.84178673095703, -1.4604630126953124, -3.574543078613281, -8.889670764160156, -1.3096283081054687, -3.4811692138671875, -8.851363537597656, -1.3455413330078123, -3.402160559082031, '[False]']





[-9.050082275390624, -1.9704279663085937, -0.5746083984375, -9.184157568359375, -1.7405846069335937, -0.5698199951171875, -8.89924757080078, -1.8339584716796873, -0.5099649536132812, -8.91840118408203, -1.7741034301757812, -0.5267243652343749, -9.107543115234375, -1.7932570434570312, -0.5027823486328125, -9.05965908203125, -1.8076222534179687, -0.47165772705078124, -9.076418493652342, -1.7788918334960937, -0.45968671875, -9.188945971679686, -1.8363526733398436, -0.49799394531249996, -9.153032946777342, -1.8100164550781248, -0.5027823486328125, -9.17458076171875, -1.7693150268554687, -0.47884033203125, -9.184157568359375, -1.9800047729492187, -0.51714755859375, -9.0788126953125, -1.7956512451171873, -0.5698199951171875, -9.081206896972656, -1.9704279663085937, -0.5817910034179687, -9.035717065429687, -1.7932570434570312, -0.5626373901367188, '[False]']















[-9.052476477050782, -1.8124106567382812, -1.1755530151367186, -9.081206896972656, -1.9823989746093749, -1.3742717529296875, -9.05965908203125, -1.7788918334960937, -1.197100830078125, -9.679757312011718, -1.1468225952148436, -1.1635820068359375, -9.14824454345703, -1.8219874633789062, -1.2808978881835937, -9.083601098632812, -1.8411410766601561, -1.2497732666015624, -9.145850341796875, -1.7884686401367187, -1.3048399047851562, -9.054870678710937, -1.8411410766601561, -1.1133037719726562, -9.057264880371093, -1.7429788085937499, -1.3096283081054687, -9.066841687011719, -1.9895815795898437, -1.254561669921875, -9.102754711914063, -1.687912170410156, -1.2593500732421874, -9.064447485351561, -1.8243816650390623, -1.1180921752929687, -9.047688073730468, -1.7573440185546874, -1.3263877197265623, -9.066841687011719, -1.9823989746093749, -1.2689268798828124, '[False]']























[-8.130708837890625, -1.8770541015625, 3.1842882080078123, -7.951143713378905, -1.956062756347656, 3.258508459472656, -8.046911779785155, -1.9105729248046874, 3.3399113159179685, -8.106766821289062, -1.7621324218749999, 3.356670727539062, -8.1594392578125, -1.68551796875, 3.3542765258789062, -8.118737829589843, -1.6328455322265625, 3.2632968627929686, -8.197746484375, -1.419761584472656, 3.347093920898437, -8.149862451171874, -1.4413093994140624, 3.1603461914062496, -8.12113203125, -1.4532804077148436, 3.366247534179687, -8.200140686035155, -1.37906015625, 2.9544448486328125, -8.173804467773436, -1.3742717529296875, 3.3542765258789062, -8.17141026611328, -1.3120225097656248, 3.4715924072265625, -8.015787158203125, -1.3910311645507811, 3.5242648437499997, -7.773972790527344, -1.9847931762695312, 3.9432501342773434, '[False]']

[-2.1212626708984375, -10.460267053222656, 1.7741034301757812, -0.18914193115234373, -9.85692823486328, 1.3623007446289062, 0.24181436767578124, -9.713276135253906, 1.7812860351562498, 0.19871873779296872, -9.689334118652344, 1.7286135986328124, 0.39743747558593745, -9.583989245605467, 1.6472107421875, 0.4572925170898437, -9.56962403564453, 1.7190367919921874, 0.5243301635742187, -9.60793126220703, 1.838746875, 0.42377369384765623, -9.545682019042967, 1.7357962036132812, 0.36152445068359373, -9.562441430664062, 1.5562310791015623, 0.4261678955078125, -9.519345800781249, 1.7621324218749999, 0.3280056274414062, -9.588777648925781, 1.707065783691406, 0.5674257934570313, -9.612719665527344, 1.7764976318359373, 0.5027823486328125, -9.593566052246093, 1.66636435546875, 0.5195417602539062, -9.634267480468749, 1.656787548828125, '[False]']

[1.7214309936523438, -9.363722692871093, 2.157175695800781, 1.5442600708007812, -9.356540087890625, 2.2026655273437497, 1.6065093139648436, -9.210493786621093, 2.2601263671875, 1.5610194824218748, -9.344569079589844, 2.1547814941406247, 1.6998831787109374, -9.387664709472656, 2.157175695800781, 1.6400281372070311, -9.497797985839844, 2.205059729003906, 1.6448165405273436, -9.37808790283203, 2.138022082519531, 1.6639701538085936, -9.363722692871093, 2.214636535644531, -4.627991809082031, -12.052411157226562, 3.679887951660156, -1.659181750488281, -13.965378283691406, -1.2497732666015624, -1.9201497314453124, -16.232687255859375, -3.0071172851562498, -0.143652099609375, -14.51125626220703, 3.2249896362304686, -3.399766357421875, -6.007051965332031, 0.3327940307617187, -4.759672900390624, -3.248931652832031, -1.5777788940429687, '[False]']



[1.908178723144531, -9.229647399902344, 0.22505495605468748, 1.8459294799804686, -9.5001921875, 0.70868369140625, 1.915361328125, -9.701305126953125, 1.5155296508789062, 1.8243816650390623, -9.720458740234374, 0.5147533569335937, 1.6208745239257811, -9.636661682128906, 0.9600748657226562, 1.5969325073242187, -9.516951599121093, 0.8475473876953125, 1.6232687255859375, -10.17056865234375, 1.5945383056640625, -10.711658227539061, -19.6133, -8.02536396484375, -3.1866824096679687, -19.282900170898436, 0.842758984375, 0.9935936889648437, -11.863269226074218, -0.565031591796875, 0.19871873779296872, -4.153939880371094, -0.44532150878906246, -3.9911341674804683, 0.28730419921875, -1.216254443359375, -7.146691955566406, -0.5243301635742187, -0.7733271362304687, -8.978256225585938, -0.8667010009765624, -2.4109610717773435, '[False]']





[0.4908113403320312, -9.938331091308592, -0.7517793212890624, 0.45010991210937495, -9.931148486328125, -0.5434837768554687, 0.40940848388671874, -9.868899243164062, -0.8451531860351562, 0.24181436767578124, -17.039533215332032, -1.9201497314453124, -8.930372192382812, -16.79771884765625, -6.605602380371093, -3.4811692138671875, -14.86320390625, -0.6536170532226562, -1.1516109985351561, -13.388375683593749, -1.5777788940429687, 2.9376854370117185, -4.446032482910156, 1.254561669921875, -1.2401964599609374, 0.82360537109375, 1.8052280517578123, -7.335833886718749, 1.2713210815429687, -2.834734765625, -8.257601525878906, 0.15322890625, -2.978386865234375, -9.351751684570312, -0.0526724365234375, -2.8323405639648436, -9.639055883789062, -0.16041151123046873, -2.89219560546875, -8.968679418945312, -0.3232172241210937, -2.6910826660156246, '[ True]']

[0.24899697265624998, -9.943119494628906, -0.411802685546875, 0.2059013427734375, -9.976638317871092, -0.258573779296875, -6.315903979492187, -11.238382592773437, -0.584185205078125, -7.45075556640625, -16.931794140624998, 0.34715924072265625, -3.986345764160156, -14.501679455566405, 0.9959878906249999, 1.3072341064453123, -9.840168823242188, -1.4006079711914061, -2.365471240234375, -4.407725256347656, -0.354341845703125, -5.1690813842773435, -3.27526787109375, -2.2002713256835937, -7.331045483398437, -2.7246014892578123, -1.5059528442382812, -8.271966735839843, -2.4899697265625, -1.3862427612304686, -8.70771143798828, -2.6408044311523438, -1.4030021728515625, -8.547299926757812, -2.9376854370117185, -1.9584569580078124, -8.458714465332031, -3.086125939941406, -1.8052280517578123, -9.081206896972656, -3.1196447631835937, -2.104503259277344, '[ True]']



[0.00239420166015625, -10.058041174316406, -0.5746083984375, 0.1149216796875, -9.87608184814453, -0.4525041137695312, 0.00718260498046875, -9.904812268066406, -0.3902548706054687, 0.143652099609375, -9.813832604980469, -0.30885201416015623, 0.076614453125, -10.548852514648438, 0.1771709228515625, -6.251260534667968, -14.178462231445312, -2.5953145996093747, -5.7125651611328125, -14.547169287109375, -0.9026140258789062, -3.5577836669921874, -12.299013928222655, 0.15322890625, -1.5490484741210937, -6.584054565429687, 0.718260498046875, -2.9640216552734375, -2.6767174560546874, 0.5219359619140624, -7.1778165771484375, -1.9752163696289062, 0.8882488159179687, -8.482656481933594, -2.6048914062499997, -1.2808978881835937, -8.300697155761718, -2.0350714111328125, -1.2952630981445312, -8.224082702636718, -1.608903515625, -1.0606313354492187, '[ True]']


[-9.107543115234375, -1.687912170410156, -0.7398083129882812, -9.081206896972656, -1.7717092285156248, -0.8283937744140625, -9.1554271484375, -1.7118541870117185, -0.7876923461914062, -9.095572106933593, -1.687912170410156, -0.7876923461914062, -9.112331518554686, -1.687912170410156, -0.8451531860351562, -9.076418493652342, -1.5466542724609373, -1.005564697265625, -9.102754711914063, -1.5346832641601562, -0.8164227661132812, -9.143456140136719, -1.8291700683593748, -0.8882488159179687, -9.088389501953124, -1.7884686401367187, -0.8499415893554687, -9.17458076171875, -1.6927005737304686, -0.8283937744140625, -9.088389501953124, -1.66636435546875, -0.8547299926757812, -9.107543115234375, -1.6927005737304686, -0.8499415893554687, -9.131485131835937, -1.7334020019531249, -0.833182177734375, -9.117119921875, -1.6807295654296874, -0.9002198242187499, '[False]']


[-9.095572106933593, -1.2880804931640624, -0.74699091796875, -8.997409838867187, -1.35990654296875, -0.9002198242187499, -9.131485131835937, -1.5634136840820312, -0.9457096557617187, -9.447519750976562, -1.62805712890625, -0.8355763793945312, -9.258377819824219, -1.5777788940429687, -0.6631938598632812, -10.467449658203124, -2.090138049316406, -1.16837041015625, -14.542380883789061, -5.185840795898438, -1.7286135986328124, -14.927847351074218, -4.790797521972656, 0.2442085693359375, -8.74601866455078, -0.7230489013671875, -0.8475473876953125, -5.145139367675781, 2.959233251953125, -1.5035586425781249, -0.40940848388671874, 3.2225954345703123, -0.4955997436523437, -7.40526573486328, 5.104437939453125, -4.666299035644531, -5.164292980957031, 6.730100866699218, -4.204218115234375, -6.847416748046874, 5.894524487304687, -4.848258361816406, '[ True]']

[-9.397241516113281, -1.6927005737304686, -0.5363011718749999, -10.723629235839843, -1.908178723144531, -1.3479355346679687, -16.699556579589842, -5.540182641601562, -1.429338391113281, -12.138602416992187, -3.1028853515624997, -0.06703764648437499, -9.07163009033203, -2.231395947265625, -2.7269956909179687, -7.364564306640625, -1.2689268798828124, -3.907337109375, -6.387730029296875, 0.086191259765625, -3.5434184570312497, -0.18914193115234373, 4.5968671875, -2.0446482177734375, 0.016759411621093748, 7.987056738281249, -2.0542250244140625, -2.327164013671875, 7.860164050292968, -3.258508459472656, -3.294421484375, 6.957550024414062, -3.763685009765625, -4.2880151733398435, 6.081272216796875, -5.291185668945312, -7.501033801269531, 4.963180041503906, -5.590460876464843, -8.82981572265625, 3.5817256835937497, -6.076483813476562, '[ True]']



[-8.916006982421875, -1.6160861206054686, -1.0438719238281249, -9.107543115234375, -1.7214309936523438, -0.9720458740234375, -9.09796630859375, -1.6448165405273436, -1.0462661254882812, -9.0788126953125, -1.5562310791015623, -0.9241618408203125, -9.085995300292968, -1.66636435546875, -1.0390835205078124, -9.050082275390624, -1.637633935546875, -1.0678139404296874, -9.145850341796875, -1.6256629272460936, -1.0534487304687499, -9.102754711914063, -1.6424223388671875, -0.9097966308593749, -9.126696728515624, -1.5586252807617187, -0.9002198242187499, -9.105148913574219, -1.6256629272460936, -0.9552864624023437, -9.10993731689453, -1.5538368774414062, -1.0103531005859374, -9.124302526855468, -1.8148048583984373, -0.9050082275390624, -9.114725720214842, -1.8267758666992187, -0.9744400756835937, -9.069235888671875, -1.7238251953125, -0.9265560424804687, '[False]']

[-11.786654772949218, -4.2497079467773435, -1.2689268798828124, -5.9783215454101555, -1.0462661254882812, -3.718195178222656, -2.1356278808593747, 1.254561669921875, -1.6400281372070311, -2.906560815429687, 4.508281726074219, -3.2058360229492187, -2.7533319091796873, 6.8569935546875, -3.938461730957031, -4.359841223144531, 6.663063220214843, -5.063736511230468, -4.9416322265625, 6.129156249999999, -5.662286926269531, -5.758054992675781, 5.511452221679687, -5.600037683105469, -5.758054992675781, 5.461173986816406, -5.307945080566406, -5.2624552490234375, 5.106832141113281, -6.059724401855468, -5.693411547851563, 4.165910888671875, -5.068524914550781, -6.354211206054687, 3.19865341796875, -5.228936425781249, -5.272032055664062, 2.3343466186523436, -4.438849877929687, -4.53940634765625, 1.6400281372070311, -4.127603662109375, '[False]']





[-9.172186560058593, -1.5131354492187499, -0.8475473876953125, -10.165780249023436, -1.5322890624999999, -0.63206923828125, -19.6133, -7.843404638671874, -3.507505432128906, -16.474501623535154, -8.367734802246094, -1.120486376953125, -3.019088293457031, -5.176263989257812, -5.025429284667968, 3.019088293457031, 2.2649147705078123, 2.5713725830078125, -1.1444283935546875, 5.274426257324219, -4.311957189941406, -4.084508032226562, 5.894524487304687, -5.932831713867187, -5.664681127929687, 5.396530541992187, -6.354211206054687, -6.648698010253906, 4.742913488769531, -6.105214233398437, -7.189787585449218, 4.383783239746093, -6.028599780273437, -6.552929943847656, 4.3622354248046875, -5.968744738769531, -6.339845996093749, 4.412513659667969, -6.351817004394531, -6.514622717285156, 4.601655590820312, -6.402095239257812, '[ True]']
























































[-9.069235888671875, -1.7405846069335937, -0.8044517578125, -9.095572106933593, -1.7310078002929687, -0.8595183959960937, -9.117119921875, -1.6927005737304686, -0.9959878906249999, -9.030928662109375, -1.8052280517578123, -0.8571241943359375, -9.124302526855468, -1.7166425903320313, -0.852335791015625, -9.107543115234375, -1.8004396484374998, -0.9169792358398436, -8.892064965820312, -1.6017209106445311, -0.8930372192382812, -9.191340173339842, -1.7693150268554687, -0.8595183959960937, -9.107543115234375, -1.7405846069335937, -0.8978256225585937, -9.095572106933593, -1.7405846069335937, -0.7852981445312499, -9.105148913574219, -1.7453730102539062, -0.9074024291992187, -9.10993731689453, -1.7573440185546874, -0.9097966308593749, -9.14824454345703, -1.7334020019531249, -0.833182177734375, -9.129090930175781, -1.7549498168945312, -0.7829039428710937, '[False]']


[-19.6133, -19.6133, 2.7150246826171873, -3.42849677734375, -15.964536669921873, -1.867477294921875, 3.81156904296875, -0.9504980590820312, -1.9488801513671874, -5.178658190917968, 1.5155296508789062, -2.70065947265625, -8.291120349121094, 1.0534487304687499, 0.12449848632812499, -9.215282189941405, 0.5506663818359374, -1.0438719238281249, -9.167398156738281, 0.42377369384765623, -0.32082302246093747, -9.227253198242186, 0.48123453369140623, 0.1005564697265625, -9.287108239746093, 0.3591302490234375, -0.4836287353515625, -9.03332286376953, 0.3232172241210937, -0.5482721801757812, -9.112331518554686, 0.39264907226562495, -0.5410895751953124, -9.208099584960937, 0.34715924072265625, -0.5339069702148437, -9.409212524414063, 0.24181436767578124, -0.6105214233398437, -9.117119921875, 0.17956512451171874, -0.5817910034179687, '[False]']

[-5.774814404296874, -7.613561279296874, -1.0031704956054688, -5.6311623046875, -7.687781530761718, -0.8092401611328125, -5.3390697021484375, -7.754819177246094, -0.36391865234375, -4.302380383300781, -7.951143713378905, -0.19632453613281248, -3.6679169433593746, -8.8489693359375, -1.2904746948242187, -9.840168823242188, -10.805032092285156, -1.6160861206054686, -15.095441467285156, -18.60294689941406, 4.783614916992187, -4.280832568359375, -15.188815332031249, 0.63206923828125, 1.608903515625, -0.6679822631835937, -1.3144167114257812, -4.50109912109375, 0.06943184814453125, -1.608903515625, -8.99501563720703, -0.21787235107421873, -1.0797849487304687, -9.30147344970703, -0.2537853759765625, -1.6256629272460936, -9.095572106933593, -0.4860229370117187, -1.4700398193359374, -9.119514123535156, -0.4165910888671875, -0.8786720092773437, '[ True]']

[-1.6208745239257811, -9.241618408203124, 1.3862427612304686, -4.072537023925781, -10.62307276611328, -0.02633621826171875, -13.232752575683593, -16.98925498046875, 1.8124106567382812, -3.2824504760742186, -18.21987463378906, 2.3726538452148436, -0.8882488159179687, -9.770736975097655, -2.408566870117187, 1.3958195678710936, 0.6823474731445313, 0.842758984375, -4.932055419921875, 1.5107412475585937, -0.3112462158203125, -9.133879333496093, 0.9241618408203125, -0.9792284790039062, -9.229647399902344, 0.32561142578124996, -1.0510545288085937, -9.093177905273437, 0.277727392578125, -1.2617442749023438, -9.100360510253905, 0.1149216796875, -1.2497732666015624, -9.052476477050782, 0.09816226806640624, -1.0223241088867188, -9.334992272949219, 0.0718260498046875, -1.189918225097656, -9.313444458007812, -0.05746083984375, -1.3359645263671873, '[ True]']




[-10.838550915527343, -19.6133, 8.913612780761719, 7.570465649414062, -13.036428039550781, -4.141968872070312, 5.492298608398437, 0.699106884765625, 3.0645781249999997, -4.932055419921875, 1.149216796875, -0.24899697265624998, -8.532934716796875, 0.040701428222656245, -0.6440402465820312, -9.244012609863281, -0.1005564697265625, -1.0534487304687499, -9.083601098632812, -0.2537853759765625, -0.7948749511718749, -9.284714038085937, -0.1484405029296875, -0.7206546997070312, -9.124302526855468, -0.07422025146484375, -0.1388636962890625, -9.222464794921875, -0.2537853759765625, -0.488417138671875, -9.260772021484375, -0.028730419921875, -0.7038952880859375, -9.325415466308593, -0.1484405029296875, -1.209071838378906, -9.483432775878907, -0.2561795776367187, -0.8930372192382812, -9.323021264648437, -0.17238251953125, -0.36152445068359373, '[False]']



[-3.5673604736328124, -8.901641772460938, 0.8212111694335937, -4.3622354248046875, -9.124302526855468, 0.9002198242187499, -2.7461493041992187, -9.028534460449219, 2.3391350219726563, -7.098807922363281, -9.823409411621093, 1.0821791503906248, -11.14022032470703, -17.84877337646484, 4.972756848144531, -3.0837317382812497, -11.729193933105469, 0.3136404174804687, 0.6607996582031249, -0.6560112548828124, -0.16998831787109375, -4.204218115234375, 1.8650830932617186, -1.2042834350585936, -7.6997525390625, 1.2473790649414063, -0.6751648681640625, -9.217676391601563, 0.55545478515625, -0.48123453369140623, -9.521740002441407, 0.59376201171875, 0.00718260498046875, -9.026140258789061, 0.42377369384765623, -0.45968671875, -9.169792358398437, 0.28969840087890625, 0.25139117431640623, -9.715670336914062, 0.3327940307617187, -0.737414111328125, '[ True]']



[-9.143456140136719, -1.7741034301757812, -1.448492004394531, -9.129090930175781, -1.8291700683593748, -1.2761094848632812, -8.94473740234375, -1.6424223388671875, -1.4053963745117186, -9.069235888671875, -1.8124106567382812, -1.2306196533203124, -9.145850341796875, -1.8243816650390623, -1.5634136840820312, -8.889670764160156, -1.714248388671875, -1.467645617675781, -9.124302526855468, -1.7262193969726563, -1.5801730957031248, -9.1554271484375, -1.66636435546875, -1.3024457031249999, -9.090783703613281, -1.678335363769531, -1.4508862060546874, -9.090783703613281, -1.656787548828125, -1.3910311645507811, -9.088389501953124, -1.6927005737304686, -1.668758557128906, -9.057264880371093, -1.5442600708007812, -1.4604630126953124, -9.064447485351561, -1.7453730102539062, -1.5298948608398437, -9.112331518554686, -1.675941162109375, -1.388636962890625, '[False]']

[-9.129090930175781, -1.7334020019531249, -1.13006318359375, -9.124302526855468, -1.7645266235351562, -1.2569558715820313, -9.076418493652342, -1.7549498168945312, -1.1731588134765625, -9.143456140136719, -1.668758557128906, -1.2641384765625, -9.011775048828124, -1.695094775390625, -1.1707646118164061, -9.102754711914063, -1.7477672119140624, -1.2234370483398436, -9.124302526855468, -1.7334020019531249, -1.1875240234375, -9.117119921875, -1.7597382202148437, -1.199495031738281, -9.062053283691405, -1.7549498168945312, -1.2138602416992186, -9.124302526855468, -1.7405846069335937, -1.1755530151367186, -9.076418493652342, -1.7501614135742187, -1.199495031738281, -9.090783703613281, -1.7645266235351562, -1.3120225097656248, -8.920795385742187, -1.7190367919921874, -1.369483349609375, -8.990227233886719, -1.7884686401367187, -1.1875240234375, '[False]']



[-9.069235888671875, -1.7741034301757812, -1.2641384765625, -9.062053283691405, -1.7812860351562498, -1.3144167114257812, -9.069235888671875, -1.7525556152343749, -1.16837041015625, -9.088389501953124, -1.7693150268554687, -1.2904746948242187, -9.047688073730468, -1.8219874633789062, -1.3455413330078123, -9.035717065429687, -1.707065783691406, -1.1947066284179686, -9.081206896972656, -1.70467158203125, -1.2497732666015624, -9.076418493652342, -1.6903063720703124, -1.1563994018554686, -9.172186560058593, -1.7980454467773437, -1.1468225952148436, -9.081206896972656, -1.7693150268554687, -1.2401964599609374, -9.093177905273437, -1.7573440185546874, -1.1420341918945311, -9.138667736816405, -1.7717092285156248, -1.2330138549804688, -9.09796630859375, -1.7262193969726563, -1.2330138549804688, -9.045293872070312, -1.70467158203125, -1.1707646118164061, '[False]']


[-6.440402465820312, -5.772420202636718, -3.584119885253906, -6.564900952148437, -5.827486840820312, -3.6727053466796873, -6.734889270019531, -6.572083557128906, -4.254496350097656, -6.358999609374999, -5.983109948730468, -3.7229835815429686, -6.5385647338867185, -5.889736083984375, -3.9432501342773434, -5.820304235839844, -6.222530114746093, -3.7110125732421873, -4.436455676269531, -5.580884069824219, -2.7916391357421872, -8.437166650390624, -8.145074047851562, -1.6256629272460936, -9.526528405761718, -12.191274853515624, -7.280767248535156, -6.095637426757812, -9.344569079589844, -4.4819455078125, -5.391742138671875, -6.143521459960938, -3.308786694335937, -6.323086584472656, -4.077325427246094, -3.778050219726562, -6.347028601074219, -3.9719805541992184, -1.2138602416992186, -8.058882788085937, -3.028665100097656, -2.212242333984375, '[False]']


[-1.0606313354492187, -2.5905261962890624, -10.20169327392578, -3.9456443359374997, -5.190629199218749, -13.084312072753905, -1.908178723144531, -4.067748620605468, -7.273584643554687, -6.663063220214843, -7.244854223632812, -2.96881005859375, -9.593566052246093, -8.12113203125, -13.129801904296874, -7.742848168945312, -7.6614453125, -9.952696301269532, -6.912060192871094, -6.8569935546875, -6.864176159667968, -3.308786694335937, -4.584896179199219, -4.410119458007812, -3.071760729980469, -1.6448165405273436, -2.2026655273437497, -7.556100439453124, -0.6416460449218749, -2.887407202148437, -8.425195642089843, -0.948103857421875, -1.8100164550781248, -9.028534460449219, -1.0462661254882812, -2.7341782958984373, -9.476250170898437, -0.9888052856445312, -2.549824768066406, -9.49300958251953, -1.22583125, -2.6048914062499997, '[ True]']



[-1.5035586425781249, -9.756371765136718, -0.316034619140625, -1.2976572998046874, -9.849745629882811, -0.1292868896484375, -1.2425906616210938, -9.777919580078125, -0.18914193115234373, -1.2330138549804688, -9.828197814941406, -0.00239420166015625, -1.2785036865234374, -9.588777648925781, -0.36631285400390623, -1.2976572998046874, -9.7683427734375, -0.3495534423828125, -1.1707646118164061, -9.737218151855469, -0.04548983154296875, -1.5035586425781249, -9.794678991699218, -0.12210428466796874, -4.4819455078125, -10.70686982421875, 1.5897499023437498, -6.7037646484375, -9.394847314453125, 1.5562310791015623, -6.0716954101562495, -10.83376251220703, 1.5490484741210937, -5.070919116210937, -10.182539660644531, 0.9265560424804687, -6.150704064941406, -7.407659936523437, 0.1580173095703125, -6.394912634277343, -6.167463476562499, 0.16998831787109375, '[False]']


[-0.229843359375, -10.000580334472655, 0.21308394775390624, -0.105344873046875, -10.058041174316406, 0.39743747558593745, -2.779668127441406, -10.014945544433592, 0.9624690673828125, -0.6631938598632812, -11.372457885742186, -0.15562310791015624, 2.1404162841796874, -8.434772448730468, -1.3383587280273437, -0.32561142578124996, -10.338162768554687, -0.8906430175781249, -8.259995727539062, -12.23915888671875, 3.289633081054687, -10.297461340332031, -19.6133, 4.642357019042969, 2.454056701660156, -19.28050596923828, -5.487510205078125, 3.6655227416992187, 2.389413256835937, -0.023942016601562498, -5.6024318847656245, -1.7381904052734374, -2.990357873535156, -8.078036401367187, -2.4444798950195312, 5.161898779296875, -9.457096557617186, -2.4061726684570313, -1.2617442749023438, -8.207323291015625, -2.5522189697265625, 3.201047619628906, '[ True]']


[-7.304709265136719, -5.875370874023437, -2.6001030029296874, -7.484274389648437, -5.97592734375, -2.501940734863281, -7.261613635253906, -5.839457849121094, -2.4971523315429685, -7.237671618652343, -5.904101293945312, -2.408566870117187, -7.311891870117187, -5.832275244140624, -2.5258827514648434, -7.271190441894531, -5.758054992675781, -2.518700146484375, -7.256825231933593, -5.7149593627929685, -2.5570073730468748, -7.070077502441406, -5.875370874023437, -2.5809493896484375, -7.249642626953125, -5.88015927734375, -2.473210314941406, -7.338228088378906, -5.8610056640625, -2.549824768066406, -7.307103466796875, -5.805939025878906, -2.5905261962890624, -7.256825231933593, -5.954379528808594, -2.5761609863281247, -7.249642626953125, -5.738901379394531, -2.5761609863281247, -9.708487731933593, -5.051765502929687, -2.2026655273437497, '[ True]']




[-3.181894006347656, -9.10993731689453, -2.3223756103515623, -3.143586779785156, -9.030928662109375, -2.5570073730468748, -12.102689392089843, -11.298237634277344, 2.4301146850585935, -12.97178459472656, -16.01720910644531, 3.5577836669921874, 0.239420166015625, -9.916783276367187, -4.149151477050781, -0.35673604736328124, -0.9265560424804687, -4.474762902832031, -3.948038537597656, -0.6296750366210937, 2.01112939453125, -7.41244833984375, -1.8291700683593748, 3.5625720703124997, -8.422801440429687, -2.39420166015625, 3.921702319335937, -8.202534887695313, -2.592920397949219, 2.6288334228515624, -7.994239343261718, -2.607285607910156, 2.2960393920898436, -8.616731774902343, -2.6575638427734374, 2.592920397949219, -7.917624890136718, -3.5793314819335937, 2.592920397949219, -1.7262193969726563, -2.7533319091796873, 0.39264907226562495, '[ True]']


[-0.16041151123046873, -9.923965881347655, -0.9433154541015625, -0.21787235107421873, -10.084377392578125, -0.9313444458007812, -0.3112462158203125, -9.916783276367187, -0.9624690673828125, -0.17477672119140625, -10.070012182617187, -0.9720458740234375, -0.22505495605468748, -10.096348400878906, -0.8499415893554687, 0.02633621826171875, -9.995791931152343, -0.8259995727539062, 0.1771709228515625, -10.110713610839843, -0.7948749511718749, 0.37828386230468747, -11.245565197753905, -0.5003881469726562, -3.0047230834960934, -13.541604589843748, 1.0917559570312498, -2.142810485839844, -13.673285681152343, 3.6559459350585937, -4.328716601562499, -10.263942517089843, 0.3232172241210937, -4.630386010742187, -7.5537062377929685, -0.06703764648437499, -6.198588098144531, -6.4643444824218745, -1.0893617553710937, -7.304709265136719, -5.865794067382812, -0.16759411621093748, '[False]']


[-0.258573779296875, -9.81862100830078, -0.7924807495117187, -0.17477672119140625, -10.151415039062499, -0.9696516723632812, -4.896142395019531, -16.871939099121093, -0.82360537109375, -7.548917834472656, -13.94861887207031, -2.5617957763671875, -2.6384102294921874, -8.90643017578125, -3.0238766967773434, -4.685452648925781, -10.031704956054687, -2.3247698120117186, -5.2265422241210935, -6.904877587890625, -3.921702319335937, -1.5825672973632812, 0.016759411621093748, 2.176329309082031, -4.07971962890625, 1.7381904052734374, 3.0454245117187497, -7.297526660156249, 1.889025109863281, 1.419761584472656, -8.95670841064453, 0.6272808349609375, -0.7326257080078125, -9.49300958251953, 0.5458779785156249, -1.4437036010742186, -9.296685046386719, 1.0223241088867188, -0.7493851196289062, -8.93755479736328, 0.6584054565429687, -0.7900865478515624, '[ True]']


[-7.5465236328125, -1.16837041015625, 4.73094248046875, -7.697358337402343, -1.3168109130859373, 4.271255761718749, -7.939172705078125, -1.3670891479492187, 3.909731311035156, -7.783549597167968, -1.4413093994140624, 4.029441394042968, -7.635109094238281, -1.5969325073242187, 4.3263223999023435, -7.613561279296874, -1.5658078857421873, 4.091690637207031, -7.790732202148437, -1.7812860351562498, 4.149151477050781, -7.635109094238281, -1.7788918334960937, 4.074931225585937, -7.6470801025390625, -1.8171990600585937, 4.211400720214844, -7.522581616210937, -1.5227122558593749, 4.321533996582031, -7.733271362304687, -1.8914193115234375, 4.299986181640625, -7.783549597167968, -1.7238251953125, 4.376600634765625, -7.649474304199218, -1.599326708984375, 4.180276098632812, -7.556100439453124, -1.6017209106445311, 4.304774584960938, '[False]']

[-11.666944689941406, -3.323151904296875, -7.498639599609374, -7.862558251953125, -1.5322890624999999, -8.271966735839843, -7.244854223632812, 3.2632968627929686, -3.0023288818359375, 2.877830395507812, -1.2617442749023438, 1.4508862060546874, 3.2034418212890623, -0.8810662109374999, 0.05027823486328125, -4.42448466796875, -8.99501563720703, -4.7022120605468745, -13.414711901855467, -15.519215161132811, -5.923254907226562, -19.6133, -15.995661291503906, -3.2058360229492187, -14.618995336914061, -15.160084912109374, -11.6070896484375, -0.4285620971679687, -6.9360022094726554, -5.7700260009765625, 4.223371728515625, 0.4740519287109375, -0.6153098266601562, 1.5729904907226562, 3.35188232421875, 1.1252747802734375, -2.940079638671875, 1.6065093139648436, -0.8667010009765624, -5.645527514648437, -5.66946953125, -5.015852478027344, '[False]']





[-12.777854260253905, -19.6133, -16.812084057617188, 3.9528269409179684, -15.294160205078125, -10.079588989257813, 11.669338891601562, 2.0159177978515626, -1.7788918334960937, 10.51533369140625, 2.461239306640625, -2.308010400390625, 0.93852705078125, -9.950302099609374, -2.6575638427734374, -2.952050646972656, -19.201497314453125, -0.16998831787109375, -5.456385583496093, -19.6133, -2.437297290039062, -8.449137658691406, -1.697488977050781, -19.6133, -5.011064074707031, -8.367734802246094, -6.227318518066406, 0.852335791015625, -11.008539233398437, -2.8993782104492185, 1.0606313354492187, -10.084377392578125, -1.9393033447265624, 0.7445967163085937, -9.464279162597656, -4.000710974121094, 0.9528922607421875, -9.763554370117188, -3.4356793823242184, 0.70868369140625, -9.797073193359374, -3.2154128295898436, '[ True]']


[-19.017143786621094, 2.6862942626953124, 13.352462658691405, -4.170699291992188, -7.963114721679687, 8.200140686035155, 1.6448165405273436, -1.0702081420898437, -5.212177014160156, -6.064512805175781, 2.3391350219726563, 6.938396411132812, -5.331887097167969, 4.144363073730468, 1.7310078002929687, -4.678270043945313, 2.808398547363281, 0.6272808349609375, -6.332663391113281, 1.177947216796875, 3.6750995483398436, -6.58884296875, -1.2593500732421874, 3.1938650146484373, -7.486668591308593, -2.5761609863281247, 5.767631799316406, -7.407659936523437, -3.6727053466796873, 7.268796240234375, -7.173028173828125, -4.944026428222656, 8.020575561523437, -7.285555651855469, -4.3071687866210935, 7.493851196289062, -6.64630380859375, -4.331110803222656, 7.630320690917968, -5.827486840820312, -4.371812231445312, 6.469132885742187, '[False]']


[-2.987963671875, -9.9215716796875, 6.344634399414062, -1.7022773803710936, -9.87608184814453, 5.05655390625, -0.0526724365234375, -16.2422640625, 10.855310327148437, -6.167463476562499, -19.6133, 10.697293017578124, -2.01112939453125, -16.673220361328124, 6.698976245117187, 4.110844250488281, -14.334085339355468, -1.2856862915039062, 1.8195932617187498, 4.376600634765625, -3.9240965209960934, -4.168305090332031, 4.510675927734375, 0.74699091796875, -7.326257080078125, 3.3159692993164063, 4.426878869628906, -7.146691955566406, 2.3367408203125, 5.810727429199218, -6.7037646484375, 2.166752502441406, 5.686228942871093, -6.481103894042969, 2.636016027832031, 4.745307690429687, -6.663063220214843, 1.8291700683593748, 3.881000891113281, -6.306327172851562, 2.2673089721679687, 5.102043737792968, '[ True]']


[-4.7572786987304685, -10.694898815917968, 0.7972691528320313, -17.31247220458984, -15.483302136230467, -5.039794494628906, -6.768408093261718, -19.6133, -5.166687182617188, 7.062894897460937, -12.842497705078124, -1.6903063720703124, 9.533711010742186, 0.7661445312499999, 0.3280056274414062, -3.6463691284179687, 3.6104561035156246, -2.7150246826171873, -7.560888842773437, 2.5953145996093747, -3.7110125732421873, -8.437166650390624, 1.0414777221679687, -4.378994836425781, -7.110778930664062, 1.1156979736328125, -3.4907460205078125, -2.786850732421875, 0.93852705078125, -1.4987702392578124, -2.013523596191406, -5.070919116210937, -3.584119885253906, -4.886565588378906, -12.160150231933594, -1.3359645263671873, -6.0142345703124995, -16.1273423828125, -3.3973721557617185, -6.222530114746093, -14.772224243164061, -3.1268273681640624, '[ True]']


[-6.256048937988281, -6.330269189453125, -3.5314474487304683, -4.572925170898437, -4.944026428222656, -1.8626888916015625, -12.428300817871094, -9.330203869628905, -3.9049429077148434, -19.6133, -19.6133, -17.65244884033203, 4.161122485351562, -7.311891870117187, -3.1076737548828124, 4.541800549316406, 0.10295067138671875, -2.7533319091796873, 1.3144167114257812, 0.3758896606445312, -0.4908113403320312, -4.000710974121094, -2.272097375488281, -0.6967126831054687, -12.808978881835937, -6.186617089843749, -2.770091320800781, -14.10903038330078, -7.666233715820312, -2.8036101440429686, -11.262324609375, -6.41646044921875, -3.900154504394531, -7.994239343261718, -4.872200378417968, -3.746925598144531, -7.934384301757812, -5.2433016357421875, -3.5410242553710933, -7.481880187988281, -5.293579870605469, -2.959233251953125, '[False]']


[-1.3742717529296875, -9.425971936035156, -3.603273498535156, -1.139639990234375, -9.528922607421874, -3.6583401367187496, -1.0462661254882812, -9.495403784179686, -3.564966271972656, -0.5865794067382812, -9.409212524414063, -3.517082238769531, -0.5339069702148437, -9.490615380859374, -3.564966271972656, -4.489128112792969, -10.721235034179687, -4.331110803222656, -19.6133, -19.6133, -12.428300817871094, 2.920926025390625, -19.6133, -8.930372192382812, 9.509768994140625, -3.153163586425781, -0.7852981445312499, 1.6208745239257811, 4.917690209960937, 2.370259643554687, -1.3407529296874998, -0.7541735229492187, -0.316034619140625, -4.151545678710937, -5.556942053222656, -1.1755530151367186, -7.850587243652344, -10.357316381835936, 0.0526724365234375, -8.049305981445311, -10.436325036621094, -0.8212111694335937, '[ True]']


[-6.773196496582031, -6.373364819335937, -2.5641899780273434, -6.828263134765624, -6.358999609374999, -2.5234885498046875, -6.809109521484374, -6.392518432617187, -2.4349030883789062, -6.892906579589844, -6.311115576171875, -2.5354595581054684, -6.947973217773437, -6.461950280761719, -2.5522189697265625, -6.967126831054687, -6.186617089843749, -2.8036101440429686, -6.777984899902344, -6.433219860839843, -2.5809493896484375, -6.749254479980468, -6.1818286865234375, -2.384624853515625, -6.332663391113281, -6.167463476562499, -2.518700146484375, -6.682216833496093, -6.169857678222656, -2.4396914916992185, -7.752424975585937, -4.668693237304687, -1.5945383056640625, -14.937424157714842, -8.755595471191405, -4.951209033203125, -13.488932153320311, -12.51928048095703, -7.881711865234375, -8.078036401367187, -11.508927380371093, -4.568136767578125, '[False]']




[-8.37012900390625, -17.44175909423828, -4.867411975097656, -1.7118541870117185, -10.067617980957031, -3.909731311035156, 7.56567724609375, 2.6815058593749996, 2.9735984619140625, -5.087678527832031, 3.7421371948242186, 1.68551796875, -9.229647399902344, 2.147598889160156, -1.9800047729492187, -9.555258825683593, 2.602497204589844, -2.6431986328124997, -8.243236315917969, 2.0087351928710935, -1.9105729248046874, -8.896853369140624, 1.438915197753906, -0.4572925170898437, -8.573636145019531, 2.231395947265625, 0.040701428222656245, -8.808267907714843, 1.7836802368164062, -0.3854664672851562, -8.621520178222656, 2.2170307373046874, 0.6177040283203125, -9.011775048828124, 1.9919757812499999, -0.040701428222656245, -8.686163623046875, 2.1499930908203124, 0.1197100830078125, -8.923189587402343, 2.24097275390625, -0.7326257080078125, '[False]']


[-1.0271125122070313, -9.763554370117188, -2.310404602050781, -0.9145850341796874, -9.777919580078125, -2.3439234252929686, -0.7972691528320313, -9.945513696289062, -2.3223756103515623, -0.7805097412109374, -9.83777462158203, -2.3367408203125, -0.8714894042968749, -9.811438403320311, -2.492363928222656, -1.0486603271484374, -9.775525378417969, -2.2385785522460937, -0.9193734375, -9.928754284667969, -2.375048046875, -0.9744400756835937, -9.770736975097655, -2.39420166015625, -2.5905261962890624, -8.93755479736328, -1.8626888916015625, -8.145074047851562, -13.290213415527344, -8.068459594726562, -4.714183068847656, -13.828908789062499, -9.255983618164063, -2.6767174560546874, -12.447454431152343, -4.955997436523437, -1.9871873779296874, -4.3430818115234375, -3.0693665283203124, -3.385401147460937, -0.9504980590820312, -2.5378537597656248, '[False]']




[-0.469263525390625, -9.583989245605467, -3.4931402221679684, -0.612915625, -9.593566052246093, -3.689464758300781, -0.258573779296875, -9.567229833984374, -3.778050219726562, -0.3136404174804687, -9.56962403564453, -3.641580725097656, -0.3184288208007812, -9.516951599121093, -3.4931402221679684, -0.062249243164062495, -9.64623848876953, -3.4428619873046875, -1.8028338500976562, -9.86411083984375, -5.159504577636718, -9.102754711914063, -11.990161914062499, -16.66843195800781, -1.6831237670898436, -16.067487341308592, -17.946935644531248, 2.7629087158203123, -8.355763793945313, -2.269703173828125, -3.0071172851562498, -3.768473413085937, -5.104437939453125, -2.6503812377929687, 0.229843359375, -5.128379956054687, -5.099649536132812, 1.7453730102539062, -9.433154541015625, -5.76523759765625, 1.4939818359375, -9.751583361816406, '[False]']


[-2.252943762207031, -9.418789331054686, -2.8419173706054686, -2.1164742675781247, -9.387664709472656, -2.817975354003906, -2.1978771240234374, -9.516951599121093, -2.6096798095703124, -2.020706201171875, -9.445125549316407, -2.7581203125, -2.109291662597656, -9.473855969238281, -2.8371289672851563, -2.1643583007812497, -9.368511096191405, -2.770091320800781, -1.7118541870117185, -9.141061938476563, -1.905784521484375, -2.6862942626953124, -9.418789331054686, -3.4572271972656248, -5.1140147460937495, -10.462661254882812, -3.3111808959960936, -9.923965881347655, -18.397045556640624, -3.9815573608398434, -5.724536169433593, -18.875885888671874, -5.03740029296875, -1.8267758666992187, -9.873687646484374, -2.4756045166015626, -0.22266075439453123, 9.272743029785156, 4.771643908691406, -3.0526071166992184, 2.29843359375, 0.40222587890625, '[False]']


[-1.2210428466796874, -9.562441430664062, -2.8562825805664063, -1.438915197753906, -9.595960253906249, -3.009511486816406, -1.3168109130859373, -9.588777648925781, -2.959233251953125, -1.2401964599609374, -9.583989245605467, -2.9568390502929685, -1.6903063720703124, -9.710881933593749, -3.0358477050781247, -1.22583125, -9.349357482910156, -3.0430303100585934, -2.4851813232421875, -12.959813586425781, -0.5458779785156249, -12.382810986328124, -19.15840168457031, -2.2840683837890623, -2.8993782104492185, -19.6133, -8.71489404296875, 5.5449710449218745, -1.8842367065429686, -1.5921441040039062, -0.833182177734375, -0.9313444458007812, 0.38307226562499996, -7.156268762207031, 0.852335791015625, -1.3479355346679687, -8.904035974121093, 0.5147533569335937, -2.3918074584960936, -9.162609753417968, -0.19393033447265623, -2.9664158569335934, '[ True]']
